Dynamics Check for SC[0]

Nb:  1   Ng:  0
Mass:  200.000000
cm:  0.000000 0.000000 0.000000
I  :  100.000000  -0.000000  -0.000000 
     -0.000000  200.000000  -0.000000 
      -0.000000 -0.000000  300.000000
PosR:  0.000000 0.000000 -0.000000
VelR:  0.000000 0.000000 0.000000

Dyn Structure
-------------
Nu:  6   Nx:  7  Nf:  0
u[00]: 0.000000
u[01]: 0.000000
u[02]: 0.000000
u[03]: 0.000000
u[04]: 0.000000
u[05]: 0.000000

x[00]: 0.498914
x[01]: 0.300647
x[02]: 0.069881
x[03]: 0.809823
x[04]: 0.000000
x[05]: 0.000000
x[06]: 0.000000



Body Structure [00]
-------------------
Mass:  200.000000
cm:  0.000000 0.000000 0.000000
c:   0.000000 0.000000 0.000000
I:  100.000000 -0.000000 -0.000000
     -0.000000 200.000000 -0.000000
   -0.000000 -0.000000 300.000000
wn:  0.000000 0.000000 0.000000
qn:  0.498914 0.300647 0.069881 0.809823
vn:  0.000000 0.000000 0.000000
pn:  0.000000 0.000000 0.000000

CN:
0.809456 0.413176 -0.417212
0.186811 0.492404 0.850082
0.556670 -0.766044 0.321394
Nf: 0   f0: 0
Mf:

Kf:

Cf:

Pf:




Hf:





